image: simple_world.pgm
resolution: 0.050000
origin: [-1.300000, -16.298010, 0.000000]
negate: 0
occupied_thresh: 0.65
free_thresh: 0.196

