image: simulation_testbed.pgm
resolution: 0.050000
# origin: [-3.445671, -2.817599, 0.000000]
origin: [-0.445671, -0.817599, 0.000000]
negate: 0
occupied_thresh: 0.65
free_thresh: 0.196

