image: testbed.pgm
resolution: 0.050000
origin: [-6.634706, -10.072980, 0.000000]
negate: 0
occupied_thresh: 0.65
free_thresh: 0.196

