image: testbed_2.pgm
resolution: 0.050000
origin: [-8.000000, -2.000000, -0.331612]
negate: 0
occupied_thresh: 0.65
free_thresh: 0.196

